62328
460723
523051
511946
511946
69218
18302
26.4411
74
1
3
72
2
3
70
0
0
29400
32
32
2
0.46175635 -0.79905367 -0.17983842
-0.18512046 -0.5845704 -0.92752934
-0.334566 0.31773436 0.9355117
-0.98776567 -0.6945276 0.9274095
-0.68084395 0.8797307 0.10814452
0.89438975 0.82190084 0.8741642
-0.2056514 0.8279257 -0.30496395
-0.6813209 -0.41188598 -0.26199496
0.012967229 0.72892594 -0.7680659
0.54107165 0.16670763 0.31978536
-0.91540337 -0.6865063 0.5233493
-0.24359596 0.24794507 -0.7204747
0.75852585 0.38989592 -0.09956324
0.6104555 -0.99029493 -0.9899497
0.7045071 0.04627025 -0.953164
0.41001987 -0.71595466 -0.4499402
-0.03654349 -0.84922445 0.08910954
0.22118306 0.15420043 0.90986145
-0.590173 -0.45186186 0.24672759
-0.61959565 -0.6305859 -0.9974029
-0.97863126 0.3670529 -0.6779134
-0.6438904 -0.024970055 0.080794096
-0.74685013 0.94766796 -0.73958266
-0.5091469 -0.58744824 -0.21095824
0.69131124 -0.56479585 -0.18691838
-0.13598633 0.89967966 -0.5336884
0.041558266 0.77981746 -0.22549915
2.4398446
-0.13740444
-4.6167316
-2.2869425
0.9237919
-3.8717926
1.5517359
-2.7119803
-3.80161
0.98381627 0.30495578 0.17247874 0.9686142 0.92443115 -0.5865203 -0.46966746 -0.2506841 -0.27416807 -0.07324108 0.7568444 -0.3328034 -0.41852292 -0.113645375 -0.89720136 0.0081886705 -0.6330206 0.99789023 0.2737515 0.2608305 -0.44414666 0.81913143 -0.31821087 0.015261052 -0.4685161 -0.017197194 -0.7667997 -0.1425199 -0.7264317 -0.38395342 0.092038825 0.43450466
0.31353414 -0.6098882 -0.05386768 0.7736678 -0.41609907 0.2318224 0.6025548 -0.83054304 -0.060347658 -0.37518275 -0.47793782 0.71224797 0.542119 -0.17556629 -0.7096416 0.5973979 -0.24793503 0.39205873 -0.3893137 -0.81474566 0.95313513 -0.050865754 0.14731374 0.17071775 0.7678076 -0.598426 0.08096946 0.3393587 0.8033974 -0.2294707 0.93902373 -0.82231677
-0.449147 0.86538064 0.114414774 -0.3687923 -0.76802236 -0.005810681 -0.8086284 -0.7203013 0.83803475 -0.8331867 -0.630818 -0.15189008 0.98207176 0.6270816 -0.76548564 -0.48362753 0.12925312 -0.86412483 0.36670655 0.34909645 0.30668747 0.36104682 -0.39728352 0.7292019 0.6463725 0.5139635 -0.9689255 -0.89052093 0.92883575 0.6679997 -0.24693379 0.9872342
-0.9359296 0.36945796 -0.45102328 0.08146357 -0.10305084 -0.14097776 -0.67761606 0.9721089 0.3066811 -0.8183093 0.1443174 -0.1797194 0.39196438 0.8538834 0.31498706 0.34000745 0.89618194 -0.0057164184 0.6071005 0.2727267 -0.052554 0.7110045 0.09991132 0.1718832 -0.6357581 -0.36097792 0.99984777 0.62416047 0.38914162 -0.4515147 0.9891225 0.23374344
-0.243855 0.8280575 -0.7746757 -0.66420734 0.7447895 -0.030476928 -0.9752506 -0.8269813 0.21179116 0.39097786 -0.63109505 -0.37928975 0.7803732 0.1279167 0.671535 -0.3693155 0.13714564 0.26150095 -0.32694733 0.7025732 -0.4648409 -0.84789324 -0.18965757 -0.08816838 -0.98494303 -0.70155036 0.003840804 -0.96426344 0.8629899 -0.22639549 0.10622859 0.0430876
0.27916026 0.08298646 0.3270293 -0.32537118 0.21718109 -0.15343665 -0.42932346 0.9525967 0.078655764 -0.46151134 -0.78411865 0.178025 0.5284957 -0.5038356 -0.68416363 0.14242913 -0.08693162 0.5627421 0.19982721 -0.0836886 0.9594802 -0.36133823 -0.14604571 -0.030933512 -0.8254376 0.0063811075 -0.21319947 0.65235215 -0.12327079 -0.18499097 -0.8010876 -0.99556226
0.607441 -0.9138064 -0.7729501 -0.2674622 0.8728995 0.2220575 0.3696793 -0.5461142 -0.17320737 -0.709299 0.03986769 0.8020191 -0.3295068 0.79701346 0.6383614 -0.8695162 0.4952007 0.68248075 -0.7416025 0.9403521 0.1097208 0.36099964 0.9374698 -0.5156919 -0.93088144 0.10469752 -0.90549666 0.5715505 -0.69257605 0.36579666 -0.41174755 0.7098969
0.052134458 0.06227892 -0.93470323 -0.32693645 -0.7941761 0.9727605 0.7315454 0.11130156 0.32164106 0.3837521 0.34185237 0.054139264 0.89366496 -0.963547 -0.22013941 0.12458429 0.16776343 0.005722852 0.35055867 0.95873773 -0.9839057 -0.908723 0.21429694 -0.74447215 -0.99532163 0.97747576 0.8640473 0.31110904 -0.6206848 0.5718306 0.41574946 -0.9267285
0.31883025 0.08483398 -0.26177967 -0.6866739 0.51291144 -0.48615205 0.34117937 -0.40606332 0.0861243 0.14955223 0.7110901 -0.9112705 0.4175141 0.28741992 0.52979136 -0.19626975 0.8710424 -0.17168021 -0.78759146 0.8783101 -0.20614064 -0.45230222 0.5357697 0.07473624 -0.5554298 0.46384168 -0.61575305 0.26167345 0.04661119 0.521135 0.6036314 0.2827779
-0.6731056 0.40300667 0.31177616 0.6653235 0.28355122 -0.44349194 0.012476563 -0.78133976 0.6911254 0.25298 -0.96107996 0.2232312 0.36689222 -0.017792225 -0.30143094 0.22905242 -0.8066921 -0.69701767 -0.3045131 -0.9596007 -0.6618707 0.0495193 -0.89336216 0.5713166 0.41949165 -0.39552367 0.35494936 0.11744809 -0.77251244 -0.8971062 0.94933057 -0.519398
-0.5574144 -0.18895347 0.38037732 -0.66738695 0.79686975 -0.2505526 -0.66534835 -0.539633 0.34443963 0.2456984 0.38028908 0.7867608 -0.46284336 0.89783406 -0.47875607 0.89030993 0.2849142 0.37539902 -0.36165607 0.6737523 -0.9348664 0.98122823 0.7353555 -0.21770677 -0.91406846 -0.733786 -0.013809387 0.36609393 0.7736655 0.41160503 -0.13592236 -0.9070617
0.26123986 -0.88961446 -0.5442594 0.47351107 0.37732187 -0.865367 -0.08634521 0.3619601 0.73982185 0.10805354 0.9569953 -0.12360822 0.27202985 0.35641995 0.30082425 0.50604725 0.8705594 -0.55811197 0.32231843 0.57519656 0.8787609 0.6163772 0.07975069 0.46536615 0.9103543 -0.62843025 0.51606035 0.11681184 -0.0020920525 -0.28820193 0.036567308 -0.16112453
-0.65093935 -0.48716187 0.32317683 0.8565086 -0.6838187 -0.19523808 0.29875654 0.36996114 0.5680935 0.563655 0.21569552 -0.21992853 -0.20365973 0.4326183 -0.54973674 -0.4446696 0.9406122 0.8874759 -0.91294086 0.9472988 -0.77327013 -0.06498577 -0.19711715 -0.4790407 0.42504948 0.7027663 -0.92724943 -0.69601464 -0.66624045 -0.122963585 0.3795331 -0.8895809
0.27128816 0.5221293 -0.7030262 0.7387543 0.6631291 0.4925766 -0.79353654 -0.770712 0.06730831 0.45103204 -0.59180784 0.34046352 0.6027992 -0.88648474 0.17395306 0.9367026 -0.2640332 -0.029093146 0.7963159 -0.8512727 -0.571681 0.03491521 -0.80062664 -0.37889957 0.5999211 -0.62768435 0.48430943 0.44228673 -0.9187579 0.9958303 -0.17334664 0.46165633
-0.16450562 0.4583141 -0.5133253 -0.060940035 -0.023598325 0.10953904 -0.6290113 -0.87532854 0.6601881 -0.12071797 -0.09219151 -0.5085401 0.44340935 0.4607023 -0.68475866 0.020625759 0.38190442 -0.21285774 0.15760508 -0.61456186 0.4723142 0.6518547 0.697302 -0.6767256 -0.3278757 -0.878474 0.5126274 0.6932191 0.270217 -0.43727958 0.9512428 0.4336927
-0.2214115 -0.6393922 0.5644271 -0.43297067 -0.29964948 -0.52626956 -0.74733675 0.2432359 0.08080933 0.2739695 -0.58883977 0.59538287 0.11185857 -0.14709531 -0.64688444 0.6558602 0.93362516 -0.7812724 -0.6079687 0.076992035 0.17945632 -0.8515674 -0.33495712 -0.44194746 0.7530214 0.61146116 0.04693427 -0.9771751 0.43323123 -0.66779864 -0.031109903 0.87066925
0.13789636 -0.45906028 0.1124129 0.4187715 -0.8680588 0.66389036 -0.037671212 0.39597803 0.47371048 -0.22700287 -0.6687021 -0.9233276 0.56591254 0.4028777 0.22698405 0.47046667 -0.25296822 -0.038052455 0.47406346 0.8141617 0.050135914 0.15559478 0.2059214 0.46825218 0.7388301 -0.15049669 -0.9252735 -0.27621183 0.56678504 -0.45212042 -0.50097775 0.27883336
0.17350447 -0.5394093 -0.6640469 0.96795213 -0.15265226 0.4909438 -0.006109953 -0.844159 0.634724 0.64189637 -0.04626119 -0.9261255 -0.095005274 0.5053408 0.46189559 0.93820703 -0.16629851 0.73179245 -0.013613939 -0.6380949 0.14643371 0.72791994 -0.018624544 0.022014022 0.862059 -0.27025175 -0.36166883 0.42622578 0.65211 -0.24949718 -0.6173198 0.54063714
0.11613166 0.03202772 -0.088769674 0.32462 -0.85401285 -0.33548462 0.873011 -0.6782805 0.032749772 0.62155163 -0.52567923 -0.40913045 -0.5291647 0.37328815 0.14522469 -0.65432596 0.39149654 -0.19326937 -0.2533604 0.23383784 -0.82678485 0.58787346 0.74584055 0.79923344 -0.18408668 -0.4663241 -0.34211087 0.10549474 -0.016210794 -0.10628641 -0.94247365 -0.41575062
-0.9630503 0.7445901 0.8384821 0.3475473 0.3746228 0.18512194 0.46289843 0.2367374 -0.66303223 0.22990072 0.7017443 0.75241077 0.70444345 -0.8149308 0.5021506 0.82759815 -0.14877112 0.9957165 -0.41204143 -0.19960912 -0.6499067 -0.39041033 0.032690972 -0.3056443 -0.40558442 0.97152466 0.29016775 0.34420252 -0.95521903 -0.11463892 0.31068987 0.26503462
0.88135874 0.28105545 0.49414515 0.37909865 -0.98016727 0.4170829 -0.47791624 0.67896676 -0.018464085 -0.87971854 -0.9070635 0.36567152 0.48203838 0.20152974 0.23287535 -0.86062217 -0.3512212 -0.9971006 0.12382889 0.8024641 -0.18134582 -0.756111 -0.5892434 -0.90640104 0.12296677 0.05034781 0.5031524 -0.67232347 -0.118920445 0.035132412 -0.22790837 0.84341073
0.1278554 0.48496628 -0.42679405 -0.21949922 -0.84196186 0.14635234 -0.86199677 -0.34237024 -0.21825305 0.6043143 -0.15043418 -0.98949784 0.4155223 0.874281 -0.6336407 0.7636386 -0.52305925 -0.016439859 0.9501526 -0.52436763 0.15444157 -0.94028205 -0.11566212 -0.675478 -0.63857603 -0.31454864 -0.26849547 0.69784653 -0.18298607 -0.82444143 0.22716874 0.9955963
0.65094894 -0.32000592 -0.6909775 -0.39775547 0.25148964 0.725269 -0.11249396 -0.4888508 0.7959335 0.40113634 0.06248418 0.35047653 -0.93522894 0.57611215 -0.8252386 0.3229924 -0.9862627 -0.14913678 -0.4417784 -0.72829145 -0.92298377 -3.8279325E-4 -0.6381791 0.863732 0.8665724 0.54999024 0.86095816 0.48474717 0.9386665 0.45836425 0.7423672 -0.7056754
0.16420652 -0.5877971 0.23198336 -0.6905007 -0.64441043 0.1315802 -0.018976485 -0.80536705 -0.51368254 -0.4430593 0.3280471 0.2549633 -0.8509114 0.12346147 -0.33786032 0.076577805 0.04685336 0.58888173 0.2326929 0.37610632 0.6559935 0.2993068 0.6497645 0.9064828 0.7864448 -0.8329388 -0.6464288 0.8591206 -0.9607035 -0.0072403885 -0.30886793 -0.47342807
0.09389951 -0.31395414 -0.2164219 -0.501544 0.5617968 -0.5738234 -0.7672249 0.5666189 -0.22932968 0.29116526 0.87667084 -0.35024804 0.66519135 0.72860956 0.28663287 0.5091882 0.5117135 -0.55026454 0.38626763 -0.14289208 -0.8107457 0.2991733 -0.8624652 0.44572616 0.91918284 0.6813487 0.06385026 -0.6006529 0.6626525 0.5832877 0.038950916 0.07267597
0.9305817 -0.2675237 0.3738695 -0.97816104 -0.025879893 -0.283231 0.5032577 0.8739425 0.8136945 -0.6942778 0.08945529 -0.1897666 -0.64290065 -0.5436225 0.9445183 0.7274915 0.28417438 -0.4918971 0.18210182 -0.6052665 0.53524417 0.62868243 -0.73065394 -0.9737906 -0.14473209 -0.84197086 -0.73965466 0.9907783 -0.45296913 -0.110576995 0.7400077 0.9005016
-0.054268006 0.21297868 0.89121443 0.82390124 0.64202076 -0.74281037 0.21135166 0.4211153 -0.68888026 -0.2282857 0.2610421 -0.99568033 0.16914788 -0.4058523 0.7562517 0.47495994 -0.46722186 0.53508836 -0.16095869 0.040671982 -0.07430914 0.38788196 -0.025463963 0.7489324 0.24817947 0.55552423 -0.5286203 0.290952 0.080634646 -0.71403444 -0.26520038 0.45150778
-0.2813573 0.59378374 0.3077857 -0.86959404 -0.29032287 0.79831284 0.6798046 -0.3370862 0.63933045 0.85090876 0.6643378 0.050804686 -0.7861099 -0.35706192 -0.0757093 0.14302945 0.11865889 0.60918915 -0.2251404 0.4324408 0.24974945 0.063670754 -0.48074445 0.97962314 -0.9957313 0.78823066 -0.9023746 -0.021044908 -0.59441775 0.62813425 0.8924392 -0.11426739
0.16188805 0.19132666 -0.15387425 -0.5778745 -0.43315873 -0.27030528 -0.5693715 0.6472703 0.5488921 0.18845002 -0.6430163 -0.5460215 -0.62612647 -0.12716588 0.84743214 -0.84307855 0.89934754 -0.72585624 -0.31036738 0.29284334 0.45031884 -0.034035955 -0.27964637 0.528504 0.6136111 -0.5003594 -0.75674677 -0.27258128 -0.4795338 0.98638856 -0.7175432 0.7797093
-0.36243427 -0.9326322 0.15388024 -0.18695974 -0.028646708 -0.115110755 0.060423136 -0.16449463 -0.952739 0.30360138 0.7139237 0.28066242 -0.09599733 0.53273666 0.7526828 0.5264896 0.8218068 0.35564554 -0.2020148 0.862754 0.9827509 0.9275665 0.100492716 0.79257405 -0.06552243 -0.719403 0.88639915 0.9650973 0.103054285 0.18602407 0.36000216 0.40635908
0.39101708 -0.38990498 0.14662766 0.12809992 -0.9708077 0.19703948 0.06898463 0.90569866 0.812251 0.27491724 -0.5545975 0.9319513 -0.62071025 0.9302254 -0.5885949 0.24451303 -0.5507448 0.83186114 0.75693095 0.21497262 0.327708 -0.049127094 0.43241632 -0.4432155 -0.4334427 0.16345298 0.4102502 -0.88989615 -0.121101975 0.73936486 -0.91830564 0.24525964
-0.18726623 -0.8050759 0.54056025 -0.951643 -0.5167817 -0.39440405 0.9085306 -0.8747958 -0.17506921 -0.5129062 -0.21554339 0.34735394 -0.039398074 -0.3759061 -0.03728068 0.50670886 0.97542906 -0.6650096 0.3227439 0.09398997 -0.7605212 -0.6770874 -0.86145484 0.75444126 0.41920483 0.21727931 0.56554675 -0.036257386 -0.8863697 0.4086529 0.54853487 0.28672385
0.1322865 0.8318745 -0.3357055 0.22005291 -0.9674078 -0.22869983 0.36828086 -0.72659713 -0.24662706 0.3225071 0.44897488 -0.8208288 -0.93783957 0.9537792 0.37399164 -0.80436337 0.6864586 -0.20961177 0.46343124 0.09564709 -0.19263794 -0.7719894 -0.952012 0.34691334 0.0353266 -0.9827889 -0.8124703 0.21222487 0.23130552 0.036111146 0.35083908 -0.14238943
-0.7721329 -0.46678337 -0.78167516 0.2938937 -0.13456953 -0.98760027 -0.7033046 0.28427026 -0.8450077 0.08625086 -1.0286562 0.69584966 0.44023755 0.076792955 0.7466344 -0.19603063 -0.763093 0.669797 0.53180826 0.8976683 -0.8246519 -0.56095624 0.8460195 -0.8966079 0.18514098 0.32933682 0.9787477 0.79957867 0.7891114 -0.895665 0.49059913 0.6410615
-0.8363139 -0.25132868 0.095088825 -0.784501 0.8635092 -0.32302248 0.35081282 -0.7287612 -0.0050810515 -0.66611296 -0.9673408 0.082334 0.396482 0.9049752 -0.48366746 0.7653508 -0.7438124 -0.33873227 0.8997452 0.8797691 -0.83920157 -0.53556573 -0.33259425 -0.83310753 0.16827434 0.30297947 -0.05902652 -0.04157237 0.23485754 -0.6788123 -0.19789042 -0.34362832
-0.4374193 0.113452844 -0.7622159 0.014385325 -0.858569 0.65560496 0.098142184 -0.010804563 0.76582533 0.30649233 -0.020148799 -0.25039408 -0.8956726 -0.008963227 0.6492994 -0.48957378 -0.3891785 -1.0039307 0.44441354 -0.19800948 0.5116634 -0.7387816 0.63588506 -0.26291442 -0.3722217 0.25794128 -0.5619095 0.46891996 -0.391362 -0.76545805 -0.40466464 0.755709
0.37016734 0.32644045 0.82633346 -0.62042767 0.20625913 0.041933812 0.36821643 0.49801093 -0.073087044 -0.28851312 0.16285165 0.4977175 -0.8856117 0.6340823 -0.20370354 0.023680689 0.15917519 -0.95244265 0.72143674 -0.058850013 -0.9494781 0.11411278 0.031836234 -0.28901014 -0.093895845 0.81440806 1.0142802 -1.1121669 -0.7715178 0.47049952 0.6713579 -0.50509065
-0.8582705 0.27987373 0.13280216 0.30926335 0.24566436 0.7139677 0.18739645 -0.7625015 0.48431605 -0.7528513 -0.5099892 -0.59992564 -0.7712357 0.4848957 0.68763 0.7317362 -0.9316281 0.11543337 0.8873148 -0.9692897 -0.06462085 -0.8052588 0.24602169 0.9140282 -0.82785565 0.79808986 -0.86316663 -0.027969254 0.93310034 -0.06924566 -0.28129834 0.8430281
-0.5318245 -0.14688429 -0.24143589 0.4868181 0.61138403 -1.0118268 -0.97556627 -0.40053812 -1.1100639 -0.96072984 -0.38632333 0.7059956 -1.0054642 -0.30971158 0.12440928 0.26074293 0.7031276 0.3721942 -0.4953394 -0.6094922 0.6157738 -1.0122211 0.8471441 0.20309031 0.28737038 0.55154073 -0.50556904 -0.42334318 -0.65621114 0.027102975 -0.03440737 -1.0084184
0.25341105 0.37047926 -0.74078935 -0.6157974 -0.5020057 -0.13286237 0.61959416 -0.50005037 -0.803962 0.9273616 0.68637604 -0.44193894 -0.4147863 0.57650995 0.6753395 -0.42541304 -0.9906239 0.9090805 0.23024964 0.20672928 -0.5157817 -0.015408544 0.3984596 -0.74528265 0.61391723 0.69574827 0.63811696 0.9650806 -0.7857838 -0.10950057 -0.97453237 0.20078196
0.56441563 0.7231104 -0.85572445 -0.90956163 -0.18300557 -0.81296355 -1.1736765 -0.98014975 0.4374765 -0.42779365 0.6535938 -0.73777837 -0.9012997 -0.12827885 -0.04315837 0.22163402 0.39436194 -0.14659788 0.38588154 0.2967875 -0.7770771 -0.6880078 -0.52089685 0.26431742 -0.7777883 -0.75541943 -0.47737405 0.5031374 -0.62074167 -0.4735289 -0.09238938 0.65468866
1.038029 -0.8450562 0.27024627 -0.13150457 0.26620412 0.47215474 0.3512309 -0.5961369 -1.1159024 -0.9726334 0.7333533 0.98337054 0.39900926 0.46752965 0.43903846 -0.4107311 -0.2956007 -0.80018634 -0.5879452 -0.3132785 -0.15413645 -1.0069976 -0.0789366 -1.1255331 -0.12799734 0.20896977 0.5932569 0.37926704 -0.82897437 0.55944973 -1.1645103 -1.0322816
0.23212329 -0.28728247 -0.39297205 -0.5623396 0.59447265 0.8744996 -0.29138377 -0.91781867 -0.6090304 -0.997747 -0.69628227 0.48310035 -0.32206613 -0.28041172 0.5856145 0.54033506 -0.43663582 0.5831476 0.20445299 -0.34586638 0.43614852 -0.32143036 -0.996077 0.8238457 -0.6100274 0.5620885 0.07450079 0.57915354 -0.68351096 -0.20627853 0.100389175 -0.42967808
-0.7915061 0.36002785 -0.61047983 0.98192215 0.06170094 -0.78921884 0.48710734 -0.7937936 -0.52015316 0.45016316 -0.16816236 0.16414572 -0.4970926 -0.7127447 -0.8256816 -0.4301611 0.6987558 -0.3737825 0.33324456 0.118555345 0.57868063 0.80538905 0.35997257 -0.058548458 -0.86135775 0.6082283 -0.5463024 -0.25219312 0.8753647 -0.7756909 -0.4161954 0.607067
-0.7939187 -0.24451354 0.6565825 0.88629305 0.094176054 -0.34494144 -0.9830239 0.60820776 0.7050345 -0.96548104 -0.59453565 -0.80649936 -1.0456283 -0.48768187 -0.2802007 -0.76273036 -0.21449523 -0.58417773 0.14519477 -0.9158943 0.48816088 -0.40299973 -0.7872136 -0.2135464 0.491522 0.82118237 0.1913325 -0.5079225 -0.6941034 -0.9489554 -0.49828315 -1.0995779
-0.09160392 -0.3050784 0.16924505 -0.80068034 0.13521802 -0.29981473 -0.8065984 -0.9551978 -0.06599874 -0.8964552 0.4881862 0.13743441 -0.37690875 -0.6632216 0.59032553 -0.46341056 -0.5392216 -0.26281193 0.7485893 -0.98266053 0.8324008 0.12265866 -0.363263 -0.24073394 0.8391848 0.069493406 -0.095060945 0.7541242 0.5102247 0.32612148 -0.9988818 0.61049145
-1.0251981 0.21762773 -0.2898494 -0.17914258 -0.30886018 0.81484455 0.056367196 0.21465427 0.38485807 0.015599005 -0.25716314 -0.6274449 -0.894905 0.75970054 0.14768459 -0.95058984 0.35932547 -0.09093046 0.88097167 0.356408 -0.74909216 0.12000549 -0.62806576 -0.28399256 -0.73473155 0.22179759 -0.3888007 0.09851465 -0.6320341 -0.92273563 0.4509282 -0.5670585
-0.5466163 0.3766929 0.76789945 -0.5817183 -0.42748153 0.27967548 0.82462806 0.86666906 0.92409366 -0.68149775 0.43070576 0.5366781 -0.037046015 0.83312225 -0.5723302 0.61462075 -0.36406824 -0.27716053 -0.34030747 -0.8094187 0.5688445 0.68638057 0.23811491 -0.93020225 -0.25117984 0.21686207 0.67063427 0.41525838 0.7521633 0.4099176 -0.06936949 0.8383438
0.12591676 -0.3266067 -0.39382592 0.06794773 -0.6692195 -0.3805033 -0.9412186 -0.13961843 -0.7318012 0.42649963 0.025464538 -0.9328725 0.23029429 0.19702756 -0.24892509 -0.7146945 -0.3395197 0.12921433 0.21527123 -0.19785953 -0.29374737 -0.6876838 0.3367774 0.54976237 0.17833744 0.52696604 0.9734982 -0.31681332 -0.79481083 0.2320423 -0.4396877 -0.0032831843
-0.77728045 -0.84436005 -0.28810894 0.62408954 -0.109902024 -0.2720617 0.8986886 -0.0470339 -0.3547209 -0.6490259 -0.39987433 0.5719446 0.81252944 -0.84661746 -0.1433942 -0.8074559 -0.591026 0.22874416 -0.7924297 0.29116565 0.28261307 0.15416843 0.34599993 0.80832857 0.7214855 -0.9620545 -0.62151307 0.34962925 0.6827313 -0.8422985 0.22822042 -0.05670513
-0.7709072 -0.819519 0.6262655 -0.186891 0.37459886 0.92408645 -0.8147369 0.46427757 -0.16998868 -0.60176945 -0.10169416 -0.42638305 0.07285698 0.27923357 0.42539334 -0.52195126 -0.5037501 -0.52065325 -0.7752179 0.41945833 -0.08329316 -0.457695 -0.9085053 -0.9015266 -0.35183427 -0.6853064 -0.39076486 0.23974465 1.0052253 -0.49731296 -0.37090033 0.89886796
-0.19749287 0.8406924 0.16396268 0.055998035 0.1308881 -0.27421036 -0.94866866 -0.5445912 0.4556232 0.7380693 -1.0015951 -0.1466221 -0.4185504 0.5788678 0.85970443 -0.717207 -0.2884237 0.024666436 -0.93477166 0.5898632 -0.7782065 -0.23069343 0.5638525 0.5402985 0.46287885 0.34975973 -0.9556094 -0.10118833 0.62685454 0.27594477 0.5171178 -0.3515749
0.7207984 0.05540437 -0.9924938 -0.9841085 0.94588304 0.48325822 0.38175806 0.5432052 -0.7676539 -0.52740437 0.19270077 0.1639434 -0.67125714 0.17503643 -0.5970689 -0.07155212 -0.26833537 -0.22737138 0.90197194 -0.7860422 -0.50389063 -0.11194667 0.1562716 -0.95341223 -0.06920164 0.64763695 0.640331 -1.0023861 0.119466536 0.79623026 -0.19727539 -0.39249268
0.7506905 -0.6751959 0.69128543 -0.12668712 0.4599595 -0.14714487 -0.56474924 0.7299762 -1.0949696 -0.96208274 -1.0784051 0.895167 0.6742557 0.5392401 -0.33621594 -0.38700888 -0.18978369 -0.9430896 -0.66975915 -0.9332689 0.10866438 -0.26773638 -0.1468528 0.2857594 -1.1754375 -0.22214869 0.7220571 0.63296664 -0.48516196 -0.23333229 -0.67381036 0.40896598
-0.077362694 0.14890157 -0.034531076 -0.6730929 -0.22458816 -0.4089348 -0.853595 0.07529751 0.26793897 -0.7432364 0.075163975 0.7184951 0.9264386 -0.73892236 -0.932803 0.4393654 0.78152615 0.19933832 -0.7023345 0.4569294 0.5803535 -0.49226415 0.28940362 0.54909027 -0.45751366 0.32517225 -0.23454148 0.8418064 0.98685193 -0.87478244 -0.37419772 0.32815623
0.33650646 -0.88965476 0.5372239 0.3215981 0.2602247 0.94917655 -0.23088503 -0.29270175 -0.60915315 0.19621424 -1.1810623 -0.9167425 0.09894547 0.35665596 -0.7444371 0.09082347 0.52403253 -0.87263584 -0.08267212 0.5203734 0.36039624 -0.7918856 -0.89772123 -0.004882112 -0.5966917 -0.77575386 0.61464685 0.48291785 0.7730624 -0.17475013 -0.14508456 0.7007059
0.58842295 0.62131804 -0.7929088 0.5029036 0.54715765 -0.8389568 1.0151142 -0.86581796 0.8224014 0.59637165 0.7108369 0.6293836 0.6041495 -0.8839364 -0.4652496 0.48264962 0.6464004 0.8125098 -0.8363768 0.08660109 -0.701932 0.5381691 0.2089583 0.7100417 -0.57287204 -0.42927492 -0.59383875 -0.74808395 0.8742466 -0.6879213 -0.3863009 0.09875284
-0.057186674 -0.6655175 -0.621987 -0.60198265 0.7281418 -0.9569183 0.4784311 -0.64885664 0.46361887 0.56295353 0.7992948 -0.9167194 0.9435947 0.4899063 0.36558363 -0.3658501 -0.8990346 0.22272532 0.4509343 0.5970655 -0.19024603 0.86670315 -0.9608348 0.74218106 0.07241966 -0.21189304 -0.7941791 -0.47717762 0.13725835 0.38839614 0.3885584 -0.04140139
1.0164773 -0.78200454 0.95044225 -0.6768296 0.7439896 -0.63529074 -0.3294066 0.3378296 -1.0655988 -0.65334934 0.5274894 0.15647282 0.07010956 0.0149053335 -0.61557615 0.7129827 -0.4669653 -0.38847268 0.09511876 0.041016597 -0.25867742 -0.808822 -0.3172331 -0.66220564 -0.58476484 -0.75400335 0.6647502 -1.1611786 0.45383078 0.29150105 -0.5779232 0.48262948
0.8762875 0.2945824 -0.39814836 -0.9818069 -0.030583143 -0.11040419 -0.32468143 0.66284996 0.7723293 -0.4514614 -0.21748154 -0.90923643 0.58093184 0.2785579 -0.69511783 0.6886859 0.7149091 -0.51687115 0.6578076 -0.38864377 0.92580444 0.11978314 -0.41488245 0.37824985 0.09857988 -0.7220202 0.49627882 0.39155135 -0.9734939 -0.6784826 -0.64727503 0.15476342
0.3610922 0.044671156 0.44440413 -0.99380994 0.99337673 -0.69484407 0.6146931 0.07207073 0.82613957 -0.886155 -0.54960436 0.70035946 -0.6966937 -0.077139735 0.6547145 -0.13642713 -0.56474787 0.596048 -0.8264824 -0.9122233 0.43636245 0.48475006 -0.6783748 -0.25063458 -0.5190686 0.5948707 -0.20452102 -1.1485205 -0.8593484 0.38308245 -1.0132504 0.2318108
0.19840463 0.4735957 -0.9289962 -0.31829175 0.5947076 -0.1821834 -1.0234541 -0.10420496 0.39401042 -0.33561957 -0.96942127 -0.086298086 -0.7096182 0.18709338 0.13331273 -0.20078968 -0.63665473 -0.44477093 -0.7404245 0.9354635 -0.4653825 0.7485757 -0.48144874 0.76090634 0.5175302 0.15208796 -0.43708286 0.09908392 -0.50837874 -0.009437372 -0.24761315 0.76093733
-0.6379757 -0.15713927 0.98235303 -0.8756415 0.9130913 0.88256836 0.7617247 -0.28342724 -0.72270226 -0.6599194 -0.52279866 -1.4159969 0.38089126 -0.010328412 -0.54419816 0.01970746 0.09035023 0.1633996 0.10885465 0.877867 -0.68574166 -0.59086245 -0.56996185 0.1296288 -1.1449927 0.41265994 -0.062280193 -0.9722164 0.15388104 -1.092513 0.007007241 0.29377308
-1.398661 0.06545439 0.39037427 -0.36163926 -0.18467355 -0.89283144 0.9730153 -0.82728255 -0.64146 -0.24138199 0.87613547 -1.4695247 0.78814924 0.54905224 0.69495 0.33467147 -0.046579693 0.14042045 -0.63467515 -0.16510184 0.039964512 0.6975094 -0.9577564 0.07236563 -0.23990107 -0.010336252 -0.28877497 -0.97224045 0.16775686 0.028991636 0.8060427 -1.093917
-0.27127907 0.33374268
0.08055623 -0.85180247
0.13030124
-1.7446826
0.96960604
-1.3747402
-1.1983747
1.4670385
0.2265369
-3.946425
3.2510452
-3.6524808
-3.4762673
-2.8512661
2.288842
-2.069434
3.6597793
3.8222926
-2.3415658
-1.745009
-0.5534897
2.8581069
-1.5427743
0.24829443
4.358709
-4.2635345
-1.1054287
-3.7340822
-1.499821
-4.936853
3.8664696
-0.59010744
-2.1437454
4.0313177
0.33351585
-2.7701945
-0.9464688
-1.644148
-0.30152708
-4.31328
0.8108628
4.4379
2.5156968
2.6747472
-1.9997302
-0.1719483
3.9768813
-3.6182399
2.6959271
4.449415
-0.85353464
1.9825273
1.60315
1.0398351
0.2617171
2.8734658
4.3274016
1.4563518
-1.4017564
3.1215634
2.5167215
-4.3248262
0.42270738
4.3546195
3.8772724
-1.2918833
4.2519608
-1.0783168
